drag_model: linear
M:
- [2554.3, 40.27, 79.23, 8.81, 123.37, -86.68]
- [-15.16, 2499.64, -9.73, 32.68, 125.29, -363.24]
- [16.59, 73.87, 6169.36, -215.47, 516.15, 22.95]
- [44.0, 194.0, 180.68, 935.32, 4.41, 64.17]
- [-129.68, 108.76, -39.17, -7.81, 2362.1, -30.21]
- [-113.45, -113.36, 371.91, -60.66, 57.15, 1974.15]
Dl:
- [615.04, 5.3, -21.39, 33.1, 40.89, -127.85]
- [-4.02, 690.01, -5.61, 16.13, -8.64, -14.62]
- [-0.54, 100.3, 1010.75, 95.85, -33.0, -1.4]
- [7.94, 15.19, 14.39, 157.08, 3.29, 9.52]
- [64.76, 22.05, 33.63, 57.89, 527.11, 47.77]
- [-9.85, -34.73, 32.36, 40.29, 11.78, 689.04]
restoring: [92.45, -0.25, 9.28, -145.97]
s_squared: 2304.17
cov_matrix:
- [44.44, -2.0, -0.49, -3.25, -0.78, 1.0, -0.65, 5.47, 0.38, 0.0, 0.08, 1.11, -0.7,
  1.09, 6.14, 0.05, 1.31, -1.66, 0.02, 0.14, 0.29, -0.01, -0.02, -0.02, -0.37, -0.26,
  0.24, 0.12, 0.13, -0.26, 0.31, -1.16, 0.04, 0.08, -0.27, 0.11, 0.01, 0.65, 0.38,
  -0.75, 2.12, 1.49, -0.12, 0.1, 0.17, 0.03, -0.04, -0.45, -0.03, 0.12, -0.09, 0.14,
  0.09, -0.17, 0.0, -0.02, 0.05, 0.0, 0.02, -0.04, 0.29, 0.2, 0.21, 0.04, 0.01, 0.09,
  0.02, -0.47, -0.26, 0.01, 0.05, 0.09, 0.0, 0.0, 0.0, -0.01]
- [-2.0, 111.07, 1.94, 0.33, -1.43, -9.92, 1.1, 11.98, -0.5, -0.2, 0.1, -1.58, 0.2,
  0.42, -0.6, -0.46, 1.73, -0.51, 0.11, -0.84, 0.05, 0.25, -0.64, -0.0, 0.3, 0.97,
  0.52, -0.09, 0.15, 0.0, 1.57, 1.02, 1.78, 0.04, 0.24, 0.65, -0.31, -0.06, 0.18,
  0.73, -0.17, -1.91, 0.0, -0.18, 0.05, 0.07, -0.01, 0.99, -0.01, 0.05, -0.02, 0.16,
  -1.12, 0.1, 0.01, -0.13, -0.03, -0.03, 0.04, 0.04, 0.11, 0.83, -0.25, 0.01, -0.11,
  -0.04, -0.33, 2.29, -0.72, -0.05, 0.05, -0.44, -0.0, 0.01, -0.02, 0.02]
- [-0.49, 1.94, 108.99, 4.31, 1.62, -25.13, 0.36, -0.71, -0.08, -2.53, 0.01, -3.95,
  -1.02, -0.45, -0.39, -1.25, -1.3, -0.63, -0.01, 0.35, -6.88, -0.49, 0.2, 1.03, -0.18,
  -1.24, -3.25, 0.01, 0.0, 2.47, -0.09, -0.89, -0.31, 1.47, -0.27, -0.06, 0.14, -0.13,
  -0.98, 0.73, 2.13, -3.0, 0.1, -0.35, -0.63, -0.25, -0.17, 2.48, 0.06, 0.19, -0.28,
  -0.19, 0.41, 0.26, -0.01, -0.02, -0.01, -0.09, -0.14, 0.35, 0.0, 0.16, -9.51, -0.43,
  -0.78, 0.29, -0.16, -0.85, 0.12, 0.02, 0.04, 0.12, -0.0, 0.31, 0.01, 0.1]
- [-3.25, 0.33, 4.31, 95.17, -4.01, -18.61, -0.02, -1.78, 1.53, 1.99, 1.29, -4.75,
  0.0, 0.63, -3.48, 1.79, 0.39, 10.71, 0.19, 0.42, -0.4, 0.11, -0.17, 0.47, 0.1, 1.84,
  0.33, -0.05, -0.22, 0.74, 0.11, -0.34, 0.21, -0.82, -0.11, -0.27, 0.3, -0.23, -0.85,
  -0.26, -0.59, -1.85, 0.0, -0.04, -0.19, 0.37, 0.02, 0.24, -0.08, 0.27, 0.06, 0.51,
  -0.92, -0.22, 0.01, -0.04, 0.14, 0.02, 0.0, 0.12, 0.04, 0.02, -0.32, -0.29, -0.02,
  0.12, 0.02, -0.04, -0.02, -0.79, 0.07, 0.18, -0.01, 0.01, -0.0, 0.01]
- [-0.78, -1.43, 1.62, -4.01, 36.51, -3.14, -0.03, -0.59, -0.33, 0.8, -0.29, 0.04,
  -0.25, -2.03, 1.22, 0.68, 0.38, -0.71, -0.02, -0.39, 0.05, -0.11, 0.13, -0.21, 0.04,
  -0.36, -0.54, 0.17, 0.04, -0.23, -0.03, 0.11, 0.12, 0.12, 0.23, -0.1, -0.72, 0.14,
  -1.77, 0.38, -0.26, -0.01, 0.02, -0.06, -0.05, -0.05, 0.16, 0.33, 0.01, -0.8, 0.36,
  -0.48, 0.67, -0.32, -0.0, 0.06, -0.06, 0.01, -0.0, -0.02, -0.06, -0.05, -0.02, 0.03,
  -0.13, -0.08, 0.0, -0.04, 0.03, 0.05, -0.36, 0.02, -0.01, -0.0, 0.0, 0.02]
- [1.0, -9.92, -25.13, -18.61, -3.14, 113.18, -0.35, 3.28, 1.18, 7.28, 2.57, 4.39,
  0.07, 0.55, -5.09, 1.66, 1.83, 7.73, 0.26, 0.12, -0.83, 0.41, -0.26, 1.27, 0.13,
  0.79, -4.29, -0.08, 0.46, 0.59, -0.3, -0.69, 0.36, -0.75, -0.06, -0.36, -0.48, 1.27,
  2.46, 1.28, -0.21, 0.38, -0.21, 1.52, 0.85, 0.7, 0.3, -7.53, -0.1, 0.17, 0.19, 0.55,
  -0.56, -0.31, -0.0, -0.07, 0.15, 0.05, 0.02, 0.07, 0.09, -0.05, 1.86, 0.12, -0.02,
  0.73, 0.05, 0.1, -0.04, 0.06, -0.01, -0.49, -0.01, -0.06, -0.01, -0.03]
- [-0.65, 1.1, 0.36, -0.02, -0.03, -0.35, 9.0, 3.14, 1.47, -0.59, -0.37, 0.88, 0.03,
  -0.0, -0.28, -0.04, 0.09, 0.21, -0.04, 0.02, -0.05, -0.01, 0.05, 0.05, -0.06, 0.03,
  -0.1, -0.04, 0.02, 0.08, -0.1, 1.27, 0.61, 0.02, 0.14, 0.11, 0.02, -0.04, -0.04,
  0.02, -0.02, 0.03, -0.0, 0.13, 0.1, -0.1, 0.47, 0.22, -0.01, 0.01, 0.01, -0.09,
  -0.01, 0.0, -0.09, -0.08, 0.1, 0.0, 0.02, -0.03, -0.0, 0.01, -0.03, -0.01, -0.01,
  -0.0, -0.57, 0.17, 0.45, 0.03, 0.01, -0.27, 0.0, 0.0, 0.0, 0.0]
- [5.47, 11.98, -0.71, -1.78, -0.59, 3.28, 3.14, 174.92, -2.9, -1.45, -3.66, -1.52,
  -0.14, 0.68, 1.38, 0.66, 1.07, -0.23, -0.53, -1.82, -0.27, 0.82, -0.47, 0.16, 0.03,
  -0.2, -0.43, 0.12, 0.07, 0.22, -1.32, 5.08, -0.01, -0.43, 0.93, -0.36, -0.08, 0.23,
  -0.03, -0.03, 0.25, -0.81, -0.54, 0.08, 0.81, 1.09, -0.02, -2.73, -0.01, 0.08, 0.03,
  1.4, -0.19, -0.15, -0.21, -1.29, -0.15, 0.02, 0.18, -0.0, 0.04, 0.11, 0.06, -0.01,
  -0.03, 0.01, -0.15, 2.17, 1.14, 0.11, -0.16, -0.48, -0.0, 0.0, -0.01, -0.0]
- [0.38, -0.5, -0.08, 1.53, -0.33, 1.18, 1.47, -2.9, 102.42, 4.43, 0.19, -21.49, 0.21,
  -0.76, 0.83, -3.42, -0.36, -1.21, 0.28, 1.43, 4.24, 0.2, -2.18, -2.53, -0.12, -0.17,
  -6.29, 0.97, 0.12, 0.01, -1.06, -1.24, -0.4, 0.5, -0.17, -0.83, -0.07, 0.27, 0.56,
  0.23, 0.16, -2.11, 0.16, -0.06, -0.86, 0.89, 2.1, -2.61, 0.04, -0.05, -0.02, -0.38,
  -0.05, 0.55, -0.02, -0.01, 8.96, 0.36, 0.73, -0.27, -0.0, -0.02, -0.01, -0.14, -0.16,
  0.33, 0.97, 0.2, 0.49, -0.22, -0.04, 0.44, 0.0, -0.01, 0.2, 0.0]
- [0.0, -0.2, -2.53, 1.99, 0.8, 7.28, -0.59, -1.45, 4.43, 70.97, -5.46, -15.48, 0.08,
  -0.13, 3.57, 1.23, -0.32, -5.23, -0.21, -0.45, -0.45, 0.25, 0.14, -0.17, -0.5, -0.3,
  -0.74, 0.77, 0.2, 0.64, -0.27, 0.01, -0.5, -0.54, 0.57, 0.59, -0.04, 0.05, 0.12,
  -0.4, -0.09, -0.19, 0.28, -0.13, -0.48, -0.26, -0.33, -1.68, -0.07, 0.5, -0.24,
  5.01, -0.19, -1.13, -0.0, 0.03, 0.31, 0.32, -0.02, -0.05, -0.04, -0.02, 0.2, 0.03,
  -0.05, -0.0, 0.05, 0.05, 0.01, -0.57, -0.03, 0.04, -0.0, -0.01, 0.01, -0.01]
- [0.08, 0.1, 0.01, 1.29, -0.29, 2.57, -0.37, -3.66, 0.19, -5.46, 49.22, -5.32, -0.09,
  0.03, -0.56, 2.31, -0.21, 0.88, 0.6, 0.45, 1.11, -0.13, -0.71, 0.52, 0.11, 0.08,
  0.12, -0.11, -0.13, -0.18, 0.55, -0.74, -1.29, -0.02, -1.52, 0.07, -0.02, 0.12,
  0.14, 0.06, -0.21, -0.53, -0.95, 0.17, -2.37, 0.28, -0.3, -0.06, 0.02, -0.08, 0.04,
  -0.58, 0.4, 0.25, 0.05, 0.12, -0.1, -0.02, 0.22, 0.11, 0.01, 0.01, -0.0, 0.01, 0.02,
  0.02, 0.06, -0.13, -0.05, 0.03, 0.03, 0.08, -0.0, 0.0, -0.02, 0.0]
- [1.11, -1.58, -3.95, -4.75, 0.04, 4.39, 0.88, -1.52, -21.49, -15.48, -5.32, 106.73,
  -0.27, -0.07, -0.78, 8.26, 2.13, 3.37, -0.18, -0.19, 3.43, 0.6, 0.41, -0.07, 0.01,
  0.27, -1.43, 0.42, 0.1, 1.55, 0.12, 1.15, 0.4, -0.28, 0.48, 0.52, 0.11, -1.31, -0.79,
  -0.74, -0.28, 7.2, -0.42, 1.17, 2.57, 0.67, -0.17, -0.3, -0.08, 0.26, 0.15, -0.07,
  0.06, -1.32, -0.06, -0.03, -1.56, 0.04, 0.03, -0.66, 0.01, -0.01, 0.36, 0.11, -0.01,
  0.06, -0.49, 0.15, 0.23, 0.19, 0.01, -0.73, -0.0, -0.01, -0.03, -0.02]
- [-0.7, 0.2, -1.02, 0.0, -0.25, 0.07, 0.03, -0.14, 0.21, 0.08, -0.09, -0.27, 9.91,
  1.48, 2.21, -0.64, -0.18, 0.68, -0.54, -0.15, 0.14, 0.04, 0.11, -0.95, -0.05, -1.01,
  -1.67, -0.42, 1.64, 0.14, -0.07, 0.05, -0.11, -0.24, -0.0, 0.42, 0.0, -0.05, 0.02,
  -0.0, -0.04, -0.02, 0.01, -0.01, -0.02, 0.12, 0.01, -0.01, -0.0, 0.15, 0.09, -0.12,
  0.52, 0.23, 0.02, 0.07, 0.06, -0.01, -0.05, 0.03, 0.51, -0.11, -0.36, 0.01, 0.0,
  0.15, 0.01, 0.04, 0.01, -0.02, 0.05, -0.04, 0.0, -0.16, -0.0, -0.05]
- [1.09, 0.42, -0.45, 0.63, -2.03, 0.55, -0.0, 0.68, -0.76, -0.13, 0.03, -0.07, 1.48,
  108.65, -0.93, -0.28, -1.4, -7.22, -1.69, 0.47, -1.56, -0.4, -0.33, -0.82, 1.52,
  10.32, -0.63, -1.97, -0.78, 3.13, 0.06, -0.72, 0.11, 0.16, -0.39, 0.13, 0.02, -0.03,
  0.04, -0.1, 1.15, -0.04, -0.02, -0.0, -0.03, -0.83, 0.02, -0.06, -0.32, -0.0, 0.27,
  0.66, -0.08, -1.56, 0.36, -2.26, 0.63, -0.05, -0.13, 0.81, -0.04, -1.17, -0.55,
  0.05, 0.15, 0.06, -0.09, 0.38, -0.14, 0.33, 0.04, -0.09, -0.0, -0.04, -0.19, -0.02]
- [6.14, -0.6, -0.39, -3.48, 1.22, -5.09, -0.28, 1.38, 0.83, 3.57, -0.56, -0.78, 2.21,
  -0.93, 159.9, 4.31, 2.57, -34.12, -0.44, 0.39, -0.52, -0.68, 0.55, -0.37, 1.27,
  -0.89, 0.24, -0.64, -0.15, 0.13, 0.01, -0.12, -0.11, 0.01, 0.31, -0.05, -0.02, -0.41,
  0.42, -0.32, -0.4, 0.08, -0.04, 0.01, -0.0, 0.66, 0.07, -0.58, 0.22, -0.19, -1.45,
  1.19, 3.32, -3.8, 0.17, 1.2, -0.09, 0.01, -0.2, -0.1, -1.31, -0.83, -0.54, -0.08,
  0.01, -0.56, 0.02, -0.08, -0.03, -0.07, 0.0, 0.05, 0.03, -0.02, 0.0, 0.03]
- [0.05, -0.46, -1.25, 1.79, 0.68, 1.66, -0.04, 0.66, -3.42, 1.23, 2.31, 8.26, -0.64,
  -0.28, 4.31, 71.31, -3.11, -14.44, -0.19, 0.03, 0.75, -0.0, 0.1, -0.28, 0.21, -0.87,
  0.38, 0.61, -0.59, -0.29, -0.44, -0.04, -0.16, 0.44, -0.1, 0.35, 0.01, -0.22, 0.01,
  -0.3, 0.54, 0.7, 0.02, -0.45, 0.23, -4.96, 0.11, 0.88, 0.23, -0.2, -0.62, -0.1,
  -0.39, -1.29, 0.0, 0.06, -0.28, 0.6, -0.04, -0.19, -0.04, -0.07, 0.09, 0.54, 0.02,
  -0.01, -0.05, 0.01, 0.01, 0.01, -0.04, -0.09, 0.0, 0.0, -0.01, -0.01]
- [1.31, 1.73, -1.3, 0.39, 0.38, 1.83, 0.09, 1.07, -0.36, -0.32, -0.21, 2.13, -0.18,
  -1.4, 2.57, -3.11, 36.21, -3.82, -0.05, -0.18, -0.0, 0.11, -0.14, 0.1, -0.31, 0.12,
  1.44, 0.09, 0.84, -0.21, 0.05, -0.37, 0.11, -0.29, 0.07, -0.15, -0.04, 0.82, -0.39,
  0.54, -0.63, 0.43, -0.03, 0.11, 0.07, 0.42, -0.33, -0.36, -0.71, 0.13, -1.75, 0.36,
  -0.21, -0.09, -0.01, 0.03, -0.05, -0.04, 0.35, -0.07, -0.03, 0.08, 0.13, -0.02,
  -0.02, -0.05, -0.01, 0.04, -0.01, -0.02, 0.0, -0.01, -0.01, 0.01, 0.0, -0.02]
- [-1.66, -0.51, -0.63, 10.71, -0.71, 7.73, 0.21, -0.23, -1.21, -5.23, 0.88, 3.37,
  0.68, -7.22, -34.12, -14.44, -3.82, 124.9, 2.43, 1.87, -0.59, 0.12, -0.18, 0.79,
  0.0, 6.7, -1.34, 0.39, -0.79, 1.79, -0.09, -0.02, 0.16, 0.33, -0.05, 0.05, -0.0,
  0.09, -0.08, 0.31, 0.47, 0.06, -0.01, -0.11, -0.1, 0.08, -0.12, 0.88, -0.54, 1.4,
  2.85, 1.12, -0.56, -0.03, -0.02, -0.15, 0.02, -0.13, 0.11, 0.67, 0.58, 0.04, -0.09,
  -0.01, -0.01, 0.71, -0.04, 0.06, 0.0, 0.09, -0.03, -0.11, -0.02, 0.0, -0.02, -0.0]
- [0.02, 0.11, -0.01, 0.19, -0.02, 0.26, -0.04, -0.53, 0.28, -0.21, 0.6, -0.18, -0.54,
  -1.69, -0.44, -0.19, -0.05, 2.43, 46.76, 1.26, -1.42, -3.38, -0.95, 1.17, -0.05,
  0.15, -0.76, -0.09, 0.22, 1.6, 0.08, 0.48, 2.55, -0.07, 1.41, -0.73, -0.0, 0.01,
  0.01, 0.01, -0.01, -0.02, -0.01, -0.0, -0.03, 0.01, -0.0, 0.01, -0.0, 0.02, 0.04,
  0.01, -0.03, 0.01, 0.0, 0.72, 0.41, -0.76, 2.22, 1.6, -0.14, 0.14, 0.21, -0.02,
  -0.04, -0.31, -0.03, 0.14, -0.06, 0.05, 0.02, -0.05, -0.0, 0.0, 0.0, 0.0]
- [0.14, -0.84, 0.35, 0.42, -0.39, 0.12, 0.02, -1.82, 1.43, -0.45, 0.45, -0.19, -0.15,
  0.47, 0.39, 0.03, -0.18, 1.87, 1.26, 199.32, 1.89, -2.0, -2.81, -2.75, -0.09, 0.18,
  0.58, 1.14, 0.77, -3.85, -0.41, 0.64, 0.21, -1.06, 3.39, -0.45, 0.01, 0.0, 0.03,
  -0.0, 0.03, -0.02, -0.0, -0.0, -0.04, -0.02, 0.03, 0.01, -0.01, 0.02, 0.04, -0.02,
  0.01, -0.02, -0.63, 0.14, 0.86, 1.45, -0.08, -3.31, 0.09, -0.26, 0.01, 0.03, -0.07,
  1.13, -0.03, 0.05, -0.06, 0.22, -2.08, 0.15, 0.0, 0.07, 0.0, -0.02]
- [0.29, 0.05, -6.88, -0.4, 0.05, -0.83, -0.05, -0.27, 4.24, -0.45, 1.11, 3.43, 0.14,
  -1.56, -0.52, 0.75, -0.0, -0.59, -1.42, 1.89, 173.19, 5.51, 2.24, -35.09, 0.89,
  -1.12, 0.64, -4.15, -0.11, -6.56, -2.13, -1.34, 1.99, -1.55, -2.03, -1.81, 0.0,
  -0.06, 0.0, -0.1, -0.15, 0.39, -0.04, 0.03, 0.02, 0.06, 0.09, -0.12, 0.01, -0.02,
  0.01, -0.06, -0.01, 0.01, 0.24, -0.19, -1.09, 1.2, 3.38, -4.8, 0.14, -0.36, -0.37,
  -0.24, -0.16, 3.54, 0.12, 0.47, -0.51, -0.21, 0.67, 0.33, 0.0, -0.03, -0.05, 0.04]
- [-0.01, 0.25, -0.49, 0.11, -0.11, 0.41, -0.01, 0.82, 0.2, 0.25, -0.13, 0.6, 0.04,
  -0.4, -0.68, -0.0, 0.11, 0.12, -3.38, -2.0, 5.51, 96.14, -4.05, -19.06, -0.33, -1.62,
  2.05, 1.78, 2.29, -5.11, -0.23, 2.15, -3.76, 0.99, 0.32, 11.69, -0.0, -0.0, 0.01,
  -0.0, -0.01, 0.04, -0.0, 0.01, 0.02, 0.02, 0.0, -0.06, -0.0, 0.01, 0.0, 0.02, -0.02,
  0.01, 0.3, -0.26, -0.85, -0.28, -0.58, -1.88, 0.03, -0.21, -0.13, 0.25, 0.01, 0.25,
  -0.09, 0.29, 0.09, 0.51, -0.9, -0.23, -0.0, -0.02, 0.0, -0.09]
- [-0.02, -0.64, 0.2, -0.17, 0.13, -0.26, 0.05, -0.47, -2.18, 0.14, -0.71, 0.41, 0.11,
  -0.33, 0.55, 0.1, -0.14, -0.18, -0.95, -2.81, 2.24, -4.05, 36.89, -3.53, -0.05,
  -0.34, -0.57, 0.87, -0.41, 0.26, -1.52, -3.96, 1.64, 0.91, 0.36, -1.0, 0.0, -0.01,
  -0.02, -0.01, 0.0, 0.06, 0.01, -0.0, 0.04, -0.03, -0.04, 0.08, 0.0, -0.0, -0.0,
  0.01, 0.02, -0.02, -0.72, 0.14, -1.98, 0.36, -0.29, -0.01, 0.01, -0.04, -0.07, -0.04,
  0.16, 0.33, 0.01, -0.88, 0.34, -0.49, 0.63, -0.34, 0.0, -0.01, 0.01, 0.01]
- [-0.02, -0.0, 1.03, 0.47, -0.21, 1.27, 0.05, 0.16, -2.53, -0.17, 0.52, -0.07, -0.95,
  -0.82, -0.37, -0.28, 0.1, 0.79, 1.17, -2.75, -35.09, -19.06, -3.53, 120.94, -1.86,
  4.24, 3.51, 8.67, 2.14, 4.23, 0.08, 2.04, -6.15, 0.87, 2.13, 8.96, 0.0, 0.02, 0.02,
  0.03, 0.01, -0.04, -0.01, 0.02, -0.01, 0.01, -0.05, -0.01, -0.0, 0.0, 0.0, 0.02,
  -0.06, -0.01, -0.58, 1.39, 2.5, 1.36, -0.39, 0.4, -0.13, 1.31, 0.88, 0.56, 0.24,
  -7.95, -0.13, 0.03, 0.28, 0.57, -0.76, -0.28, -0.0, 0.16, 0.05, -0.08]
- [-0.37, 0.3, -0.18, 0.1, 0.04, 0.13, -0.06, 0.03, -0.12, -0.5, 0.11, 0.01, -0.05,
  1.52, 1.27, 0.21, -0.31, 0.0, -0.05, -0.09, 0.89, -0.33, -0.05, -1.86, 47.06, 1.66,
  -0.68, -1.98, -3.03, 1.51, 0.01, 0.39, -0.78, 0.11, 0.36, 0.92, -0.0, -0.01, 0.01,
  0.01, -0.0, -0.02, -0.0, -0.0, -0.0, -0.02, 0.0, 0.0, 0.0, -0.01, 0.01, -0.02, 0.02,
  -0.05, 0.13, -0.14, -0.21, 0.03, 0.04, 0.34, 0.01, 0.75, 0.42, -0.69, 2.28, 1.61,
  -0.05, 0.07, 0.05, -0.48, -0.03, -0.01, 0.0, 0.03, -0.01, 0.07]
- [-0.26, 0.97, -1.24, 1.84, -0.36, 0.79, 0.03, -0.2, -0.17, -0.3, 0.08, 0.27, -1.01,
  10.32, -0.89, -0.87, 0.12, 6.7, 0.15, 0.18, -1.12, -1.62, -0.34, 4.24, 1.66, 201.63,
  2.8, -0.7, -5.82, -2.17, -0.46, 0.12, -0.81, 1.33, 0.73, 0.14, -0.0, 0.01, 0.01,
  0.02, 0.09, -0.01, -0.0, 0.0, 0.0, -0.07, -0.01, 0.01, -0.07, 0.07, 0.16, 0.17,
  -0.1, -0.23, -0.05, 0.01, -0.01, 0.0, 0.06, -0.99, -0.66, 0.12, 0.89, 1.44, 0.03,
  -3.36, 0.01, 0.0, 0.08, 1.54, -0.17, -0.11, -0.0, 0.03, 0.04, 0.1]
- [0.24, 0.52, -3.25, 0.33, -0.54, -4.29, -0.1, -0.43, -6.29, -0.74, 0.12, -1.43,
  -1.67, -0.63, 0.24, 0.38, 1.44, -1.34, -0.76, 0.58, 0.64, 2.05, -0.57, 3.51, -0.68,
  2.8, 175.1, 7.14, -3.74, -32.16, 1.06, 0.64, 0.54, -4.39, -0.52, -2.41, 0.03, 0.01,
  -0.07, -0.07, -0.09, 0.08, 0.0, -0.08, -0.02, -0.13, -0.15, 0.43, -0.02, -0.04,
  -0.11, -0.01, -0.09, -0.02, -0.1, 0.42, 0.34, 0.39, 0.26, -3.44, 0.2, 0.18, -1.05,
  1.84, 3.45, -4.66, -0.01, -0.02, -0.1, -0.47, -0.15, 0.9, 0.0, 0.16, -0.03, 0.2]
- [0.12, -0.09, 0.01, -0.05, 0.17, -0.08, -0.04, 0.12, 0.97, 0.77, -0.11, 0.42, -0.42,
  -1.97, -0.64, 0.61, 0.09, 0.39, -0.09, 1.14, -4.15, 1.78, 0.87, 8.67, -1.98, -0.7,
  7.14, 73.51, -6.97, -15.31, 0.02, -0.88, 4.08, 1.95, -0.34, -5.94, -0.0, -0.0, -0.01,
  -0.01, -0.01, 0.04, 0.0, -0.0, 0.01, -0.02, 0.01, -0.02, 0.0, 0.0, -0.01, 0.05,
  -0.03, 0.0, -0.13, 0.2, 0.31, -0.31, -0.07, -0.4, 0.29, 0.0, -0.49, -0.12, -0.36,
  -1.89, 0.01, 0.23, -0.14, 4.92, -0.25, -1.11, -0.0, 0.06, 0.13, 0.08]
- [0.13, 0.15, 0.0, -0.22, 0.04, 0.46, 0.02, 0.07, 0.12, 0.2, -0.13, 0.1, 1.64, -0.78,
  -0.15, -0.59, 0.84, -0.79, 0.22, 0.77, -0.11, 2.29, -0.41, 2.14, -3.03, -5.82, -3.74,
  -6.97, 58.27, -6.05, -0.12, -0.19, -0.72, -1.56, -0.0, 1.97, -0.0, 0.02, -0.0, 0.02,
  -0.02, 0.01, 0.0, 0.01, 0.01, 0.08, -0.0, -0.06, -0.01, 0.02, -0.04, -0.02, 0.07,
  0.08, -0.07, 0.1, 0.16, 0.06, -0.37, -0.44, -0.89, -0.72, -2.22, -0.3, -0.51, -0.22,
  0.04, -0.03, 0.06, -0.65, 0.54, 0.27, -0.0, -0.3, -0.01, -0.58]
- [-0.26, 0.0, 2.47, 0.74, -0.23, 0.59, 0.08, 0.22, 0.01, 0.64, -0.18, 1.55, 0.14,
  3.13, 0.13, -0.29, -0.21, 1.79, 1.6, -3.85, -6.56, -5.11, 0.26, 4.23, 1.51, -2.17,
  -32.16, -15.31, -6.05, 114.86, -1.52, -0.06, -1.22, 9.82, 2.2, 4.21, 0.01, -0.02,
  -0.01, 0.01, 0.07, 0.02, -0.0, 0.02, 0.03, 0.01, 0.0, -0.04, -0.02, 0.05, 0.05,
  0.11, 0.0, -0.09, 0.08, -1.37, -0.8, -0.78, -0.28, 7.77, -0.49, 1.35, 2.52, 0.66,
  -0.34, -0.09, -0.04, 0.02, 0.28, -0.18, 0.01, -1.49, -0.0, -0.02, 0.12, 0.06]
- [0.31, 1.57, -0.09, 0.11, -0.03, -0.3, -0.1, -1.32, -1.06, -0.27, 0.55, 0.12, -0.07,
  0.06, 0.01, -0.44, 0.05, -0.09, 0.08, -0.41, -2.13, -0.23, -1.52, 0.08, 0.01, -0.46,
  1.06, 0.02, -0.12, -1.52, 47.18, 1.78, -1.74, -2.5, -1.1, 1.61, -0.0, 0.0, -0.0,
  0.0, 0.0, 0.0, -0.01, 0.0, -0.02, 0.02, -0.03, 0.06, -0.0, -0.0, -0.0, -0.02, -0.01,
  0.01, 0.04, -0.13, -0.03, -0.06, 0.02, -0.05, 0.05, -0.06, -0.06, 0.5, 0.02, -0.02,
  -0.0, 0.73, 0.39, -0.76, 2.24, 1.51, -0.0, 0.0, -0.01, -0.02]
- [-1.16, 1.02, -0.89, -0.34, 0.11, -0.69, 1.27, 5.08, -1.24, 0.01, -0.74, 1.15, 0.05,
  -0.72, -0.12, -0.04, -0.37, -0.02, 0.48, 0.64, -1.34, 2.15, -3.96, 2.04, 0.39, 0.12,
  0.64, -0.88, -0.19, -0.06, 1.78, 212.89, 0.66, -2.08, -3.0, 0.53, 0.0, -0.05, -0.04,
  -0.01, -0.08, 0.05, -0.01, 0.01, 0.08, 0.02, 0.04, 0.03, 0.01, -0.0, 0.02, 0.04,
  -0.01, -0.01, 0.02, -0.12, -0.01, -0.16, 2.22, -0.14, -0.04, 0.03, 0.0, -1.58, 0.1,
  -0.08, -0.78, 0.26, 0.91, 1.5, -0.15, -3.32, 0.0, -0.01, -0.01, 0.02]
- [0.04, 1.78, -0.31, 0.21, 0.12, 0.36, 0.61, -0.01, -0.4, -0.5, -1.29, 0.4, -0.11,
  0.11, -0.11, -0.16, 0.11, 0.16, 2.55, 0.21, 1.99, -3.76, 1.64, -6.15, -0.78, -0.81,
  0.54, 4.08, -0.72, -1.22, -1.74, 0.66, 177.46, 5.31, 2.73, -41.72, -0.01, 0.0, -0.0,
  0.02, -0.0, 0.0, 0.02, 0.01, 0.08, -0.01, 0.04, 0.01, -0.0, -0.0, 0.0, -0.03, -0.04,
  -0.0, -0.05, -0.44, 0.35, -0.2, -0.61, -0.13, -0.02, -0.0, -0.01, 0.65, 0.05, -0.54,
  0.19, -0.24, -1.69, 1.38, 3.49, -4.42, -0.0, 0.01, -0.01, 0.0]
- [0.08, 0.04, 1.47, -0.82, 0.12, -0.75, 0.02, -0.43, 0.5, -0.54, -0.02, -0.28, -0.24,
  0.16, 0.01, 0.44, -0.29, 0.33, -0.07, -1.06, -1.55, 0.99, 0.91, 0.87, 0.11, 1.33,
  -4.39, 1.95, -1.56, 9.82, -2.5, -2.08, 5.31, 75.5, -3.31, -15.93, 0.0, -0.01, -0.01,
  0.01, 0.05, -0.04, 0.01, -0.02, -0.02, -0.06, 0.01, 0.09, 0.01, -0.01, 0.01, -0.04,
  0.01, -0.0, 0.04, -0.2, 0.03, -0.32, 0.61, 0.73, -0.11, 0.28, -0.03, -4.52, 0.13,
  0.89, 0.26, -0.29, -0.68, -0.04, -0.51, -1.42, 0.0, 0.04, 0.02, 0.4]
- [-0.27, 0.24, -0.27, -0.11, 0.23, -0.06, 0.14, 0.93, -0.17, 0.57, -1.52, 0.48, -0.0,
  -0.39, 0.31, -0.1, 0.07, -0.05, 1.41, 3.39, -2.03, 0.32, 0.36, 2.13, 0.36, 0.73,
  -0.52, -0.34, -0.0, 2.2, -1.1, -3.0, 2.73, -3.31, 36.81, -4.25, -0.0, -0.01, -0.02,
  -0.0, -0.02, 0.04, 0.03, -0.0, 0.08, 0.01, 0.01, -0.01, -0.0, 0.0, -0.0, 0.05, -0.01,
  -0.02, -0.04, 0.82, -0.38, 0.54, -0.68, 0.44, -0.03, 0.09, 0.11, 0.4, -0.32, -0.37,
  -0.72, 0.14, -1.78, 0.35, -0.28, -0.08, -0.0, -0.0, -0.0, -0.02]
- [0.11, 0.65, -0.06, -0.27, -0.1, -0.36, 0.11, -0.36, -0.83, 0.59, 0.07, 0.52, 0.42,
  0.13, -0.05, 0.35, -0.15, 0.05, -0.73, -0.45, -1.81, 11.69, -1.0, 8.96, 0.92, 0.14,
  -2.41, -5.94, 1.97, 4.21, 1.61, 0.53, -41.72, -15.93, -4.25, 137.29, 0.0, -0.02,
  -0.0, -0.02, 0.01, 0.05, -0.0, -0.0, 0.0, -0.03, -0.02, 0.05, 0.0, 0.01, 0.01, 0.04,
  0.01, -0.01, 0.0, 0.07, -0.12, 0.27, 0.62, 0.17, -0.01, -0.15, -0.06, -0.05, -0.1,
  0.91, -0.62, 1.53, 3.17, 1.2, -0.66, -0.03, 0.0, -0.06, 0.01, -0.05]
- [0.01, -0.31, 0.14, 0.3, -0.72, -0.48, 0.02, -0.08, -0.07, -0.04, -0.02, 0.11, 0.0,
  0.02, -0.02, 0.01, -0.04, -0.0, -0.0, 0.01, 0.0, -0.0, 0.0, 0.0, -0.0, -0.0, 0.03,
  -0.0, -0.0, 0.01, -0.0, 0.0, -0.01, 0.0, -0.0, 0.0, 1.36, -0.12, 0.12, 0.01, 0.11,
  0.1, 0.0, -0.0, -0.0, -0.0, -0.0, 0.03, 0.0, 0.01, -0.01, 0.0, -0.01, 0.02, -0.0,
  -0.0, -0.01, -0.0, -0.0, -0.0, 0.0, -0.0, -0.01, -0.0, 0.0, -0.0, -0.0, -0.01, 0.0,
  -0.0, 0.01, 0.0, 0.01, 0.0, -0.0, -0.0]
- [0.65, -0.06, -0.13, -0.23, 0.14, 1.27, -0.04, 0.23, 0.27, 0.05, 0.12, -1.31, -0.05,
  -0.03, -0.41, -0.22, 0.82, 0.09, 0.01, 0.0, -0.06, -0.0, -0.01, 0.02, -0.01, 0.01,
  0.01, -0.0, 0.02, -0.02, 0.0, -0.05, 0.0, -0.01, -0.01, -0.02, -0.12, 8.24, -0.14,
  0.04, 0.05, -1.75, -0.0, 0.0, -0.02, 0.01, -0.01, -0.08, -0.03, 0.02, -0.02, 0.02,
  -0.01, -0.02, -0.0, -0.0, 0.02, -0.0, 0.01, 0.01, 0.01, 0.01, 0.01, -0.0, -0.0,
  0.01, 0.01, -0.01, -0.01, 0.0, -0.0, 0.01, -0.03, 0.0, 0.0, -0.0]
- [0.38, 0.18, -0.98, -0.85, -1.77, 2.46, -0.04, -0.03, 0.56, 0.12, 0.14, -0.79, 0.02,
  0.04, 0.42, 0.01, -0.39, -0.08, 0.01, 0.03, 0.0, 0.01, -0.02, 0.02, 0.01, 0.01,
  -0.07, -0.01, -0.0, -0.01, -0.0, -0.04, -0.0, -0.01, -0.02, -0.0, 0.12, -0.14, 7.9,
  0.34, 0.71, -0.49, -0.0, 0.02, -0.0, 0.01, 0.01, -0.18, 0.02, 0.02, -0.01, 0.01,
  -0.03, 0.03, 0.0, 0.0, 0.05, 0.0, -0.0, 0.0, 0.0, 0.0, 0.07, 0.0, 0.01, 0.01, 0.01,
  0.01, -0.01, 0.0, 0.02, -0.0, 0.01, -0.0, 0.0, -0.0]
- [-0.75, 0.73, 0.73, -0.26, 0.38, 1.28, 0.02, -0.03, 0.23, -0.4, 0.06, -0.74, -0.0,
  -0.1, -0.32, -0.3, 0.54, 0.31, 0.01, -0.0, -0.1, -0.0, -0.01, 0.03, 0.01, 0.02,
  -0.07, -0.01, 0.02, 0.01, 0.0, -0.01, 0.02, 0.01, -0.0, -0.02, 0.01, 0.04, 0.34,
  6.91, -0.04, -2.45, -0.0, 0.01, -0.01, 0.02, 0.0, -0.05, -0.03, 0.02, 0.0, -0.02,
  -0.0, -0.02, -0.0, -0.0, 0.02, -0.01, 0.0, 0.01, -0.0, 0.01, -0.07, -0.01, -0.01,
  0.01, 0.0, 0.02, -0.0, 0.0, -0.0, -0.0, -0.03, 0.0, 0.0, 0.0]
- [2.12, -0.17, 2.13, -0.59, -0.26, -0.21, -0.02, 0.25, 0.16, -0.09, -0.21, -0.28,
  -0.04, 1.15, -0.4, 0.54, -0.63, 0.47, -0.01, 0.03, -0.15, -0.01, 0.0, 0.01, -0.0,
  0.09, -0.09, -0.01, -0.02, 0.07, 0.0, -0.08, -0.0, 0.05, -0.02, 0.01, 0.11, 0.05,
  0.71, -0.04, 3.63, -0.36, 0.0, -0.01, 0.0, -0.07, 0.0, 0.04, 0.01, 0.02, 0.03, 0.0,
  -0.0, -0.01, 0.0, -0.03, 0.02, 0.0, -0.01, 0.02, 0.02, 0.0, -0.19, 0.0, -0.01, 0.02,
  -0.0, -0.04, -0.01, 0.01, 0.0, 0.01, -0.0, 0.01, -0.0, 0.0]
- [1.49, -1.91, -3.0, -1.85, -0.01, 0.38, 0.03, -0.81, -2.11, -0.19, -0.53, 7.2, -0.02,
  -0.04, 0.08, 0.7, 0.43, 0.06, -0.02, -0.02, 0.39, 0.04, 0.06, -0.04, -0.02, -0.01,
  0.08, 0.04, 0.01, 0.02, 0.0, 0.05, 0.0, -0.04, 0.04, 0.05, 0.1, -1.75, -0.49, -2.45,
  -0.36, 11.54, -0.03, 0.08, 0.19, 0.01, -0.03, -0.03, -0.01, 0.02, -0.0, 0.05, 0.02,
  -0.1, -0.0, 0.01, -0.16, 0.01, 0.0, -0.06, 0.01, -0.01, 0.27, 0.03, 0.02, -0.01,
  -0.03, -0.03, 0.01, 0.02, 0.0, -0.04, 0.01, -0.01, -0.0, -0.0]
- [-0.12, 0.0, 0.1, 0.0, 0.02, -0.21, -0.0, -0.54, 0.16, 0.28, -0.95, -0.42, 0.01,
  -0.02, -0.04, 0.02, -0.03, -0.01, -0.01, -0.0, -0.04, -0.0, 0.01, -0.01, -0.0, -0.0,
  0.0, 0.0, 0.0, -0.0, -0.01, -0.01, 0.02, 0.01, 0.03, -0.0, 0.0, -0.0, -0.0, -0.0,
  0.0, -0.03, 1.36, -0.11, 0.12, 0.02, 0.11, 0.11, 0.0, -0.0, -0.0, 0.01, -0.01, 0.0,
  -0.0, 0.0, 0.01, 0.0, -0.0, 0.0, -0.0, -0.0, -0.01, -0.0, -0.0, -0.0, 0.0, -0.0,
  -0.0, -0.0, -0.0, 0.0, 0.0, 0.0, 0.0, 0.0]
- [0.1, -0.18, -0.35, -0.04, -0.06, 1.52, 0.13, 0.08, -0.06, -0.13, 0.17, 1.17, -0.01,
  -0.0, 0.01, -0.45, 0.11, -0.11, -0.0, -0.0, 0.03, 0.01, -0.0, 0.02, -0.0, 0.0, -0.08,
  -0.0, 0.01, 0.02, 0.0, 0.01, 0.01, -0.02, -0.0, -0.0, -0.0, 0.0, 0.02, 0.01, -0.01,
  0.08, -0.11, 8.16, -0.11, 0.01, 0.03, -1.79, -0.0, 0.0, -0.0, -0.0, -0.0, -0.0,
  -0.0, -0.0, -0.0, -0.0, 0.0, -0.01, -0.0, 0.0, 0.03, -0.0, -0.0, 0.01, -0.01, 0.0,
  0.01, 0.0, 0.0, -0.02, 0.0, -0.0, -0.0, -0.0]
- [0.17, 0.05, -0.63, -0.19, -0.05, 0.85, 0.1, 0.81, -0.86, -0.48, -2.37, 2.57, -0.02,
  -0.03, -0.0, 0.23, 0.07, -0.1, -0.03, -0.04, 0.02, 0.02, 0.04, -0.01, -0.0, 0.0,
  -0.02, 0.01, 0.01, 0.03, -0.02, 0.08, 0.08, -0.02, 0.08, 0.0, -0.0, -0.02, -0.0,
  -0.01, 0.0, 0.19, 0.12, -0.11, 7.91, 0.36, 0.7, -0.52, -0.0, 0.0, 0.0, 0.0, -0.03,
  -0.04, -0.0, -0.01, -0.06, 0.0, -0.01, -0.02, 0.0, 0.0, 0.05, 0.0, 0.0, 0.0, -0.02,
  0.02, 0.01, 0.01, -0.0, -0.03, -0.0, -0.0, -0.0, -0.0]
- [0.03, 0.07, -0.25, 0.37, -0.05, 0.7, -0.1, 1.09, 0.89, -0.26, 0.28, 0.67, 0.12,
  -0.83, 0.66, -4.96, 0.42, 0.08, 0.01, -0.02, 0.06, 0.02, -0.03, 0.01, -0.02, -0.07,
  -0.13, -0.02, 0.08, 0.01, 0.02, 0.02, -0.01, -0.06, 0.01, -0.03, -0.0, 0.01, 0.01,
  0.02, -0.07, 0.01, 0.02, 0.01, 0.36, 7.2, -0.02, -2.51, -0.01, 0.01, 0.01, 0.0,
  0.04, 0.08, -0.0, 0.01, 0.07, -0.04, 0.01, -0.01, -0.0, 0.01, 0.02, -0.04, -0.0,
  0.0, 0.02, 0.01, 0.01, -0.01, 0.0, -0.0, -0.0, -0.0, 0.0, -0.0]
- [-0.04, -0.01, -0.17, 0.02, 0.16, 0.3, 0.47, -0.02, 2.1, -0.33, -0.3, -0.17, 0.01,
  0.02, 0.07, 0.11, -0.33, -0.12, -0.0, 0.03, 0.09, 0.0, -0.04, -0.05, 0.0, -0.01,
  -0.15, 0.01, -0.0, 0.0, -0.03, 0.04, 0.04, 0.01, 0.01, -0.02, -0.0, -0.01, 0.01,
  0.0, 0.0, -0.03, 0.11, 0.03, 0.7, -0.02, 3.52, -0.41, 0.01, -0.01, 0.01, -0.05,
  -0.0, 0.01, -0.0, -0.0, 0.18, 0.01, 0.01, -0.01, -0.0, -0.0, 0.01, -0.0, -0.0, 0.01,
  -0.01, 0.01, 0.03, 0.0, -0.0, -0.01, 0.0, -0.0, 0.0, 0.0]
- [-0.45, 0.99, 2.48, 0.24, 0.33, -7.53, 0.22, -2.73, -2.61, -1.68, -0.06, -0.3, -0.01,
  -0.06, -0.58, 0.88, -0.36, 0.88, 0.01, 0.01, -0.12, -0.06, 0.08, -0.01, 0.0, 0.01,
  0.43, -0.02, -0.06, -0.04, 0.06, 0.03, 0.01, 0.09, -0.01, 0.05, 0.03, -0.08, -0.18,
  -0.05, 0.04, -0.03, 0.11, -1.79, -0.52, -2.51, -0.41, 11.56, 0.0, -0.01, 0.02, -0.13,
  0.03, 0.03, 0.0, 0.02, -0.23, -0.01, -0.02, 0.02, 0.0, 0.01, -0.2, 0.0, 0.0, -0.05,
  -0.04, -0.04, -0.02, 0.02, 0.0, 0.02, -0.0, 0.01, -0.0, 0.0]
- [-0.03, -0.01, 0.06, -0.08, 0.01, -0.1, -0.01, -0.01, 0.04, -0.07, 0.02, -0.08,
  -0.0, -0.32, 0.22, 0.23, -0.71, -0.54, -0.0, -0.01, 0.01, -0.0, 0.0, -0.0, 0.0,
  -0.07, -0.02, 0.0, -0.01, -0.02, -0.0, 0.01, -0.0, 0.01, -0.0, 0.0, 0.0, -0.03,
  0.02, -0.03, 0.01, -0.01, 0.0, -0.0, -0.0, -0.01, 0.01, 0.0, 1.36, -0.12, 0.1, 0.01,
  0.11, 0.11, -0.0, 0.01, 0.0, 0.0, -0.01, -0.0, -0.0, 0.0, -0.0, 0.0, -0.0, -0.0,
  0.0, -0.0, 0.0, -0.0, -0.0, 0.0, 0.01, 0.0, 0.0, 0.0]
- [0.12, 0.05, 0.19, 0.27, -0.8, 0.17, 0.01, 0.08, -0.05, 0.5, -0.08, 0.26, 0.15,
  -0.0, -0.19, -0.2, 0.13, 1.4, 0.02, 0.02, -0.02, 0.01, -0.0, 0.0, -0.01, 0.07, -0.04,
  0.0, 0.02, 0.05, -0.0, -0.0, -0.0, -0.01, 0.0, 0.01, 0.01, 0.02, 0.02, 0.02, 0.02,
  0.02, -0.0, 0.0, 0.0, 0.01, -0.01, -0.01, -0.12, 8.17, -0.12, 0.03, 0.02, -1.7,
  -0.0, -0.0, -0.0, 0.0, 0.0, 0.01, 0.01, 0.0, -0.03, -0.0, 0.0, 0.01, -0.0, 0.0,
  0.0, -0.01, 0.01, -0.0, -0.01, -0.0, -0.0, -0.0]
- [-0.09, -0.02, -0.28, 0.06, 0.36, 0.19, 0.01, 0.03, -0.02, -0.24, 0.04, 0.15, 0.09,
  0.27, -1.45, -0.62, -1.75, 2.85, 0.04, 0.04, 0.01, 0.0, -0.0, 0.0, 0.01, 0.16, -0.11,
  -0.01, -0.04, 0.05, -0.0, 0.02, 0.0, 0.01, -0.0, 0.01, -0.01, -0.02, -0.01, 0.0,
  0.03, -0.0, -0.0, -0.0, 0.0, 0.01, 0.01, 0.02, 0.1, -0.12, 7.89, 0.36, 0.69, -0.45,
  0.0, -0.02, 0.01, -0.0, -0.01, 0.02, 0.02, -0.0, 0.02, -0.0, 0.0, 0.02, -0.0, 0.01,
  0.0, 0.01, -0.0, -0.0, -0.01, -0.0, -0.0, 0.0]
- [0.14, 0.16, -0.19, 0.51, -0.48, 0.55, -0.09, 1.4, -0.38, 5.01, -0.58, -0.07, -0.12,
  0.66, 1.19, -0.1, 0.36, 1.12, 0.01, -0.02, -0.06, 0.02, 0.01, 0.02, -0.02, 0.17,
  -0.01, 0.05, -0.02, 0.11, -0.02, 0.04, -0.03, -0.04, 0.05, 0.04, 0.0, 0.02, 0.01,
  -0.02, 0.0, 0.05, 0.01, -0.0, 0.0, 0.0, -0.05, -0.13, 0.01, 0.03, 0.36, 7.22, -0.03,
  -2.49, 0.0, -0.02, -0.03, 0.02, -0.0, 0.01, -0.01, -0.01, 0.01, 0.0, -0.0, 0.0,
  -0.0, 0.02, 0.0, -0.04, 0.0, -0.01, -0.01, 0.0, -0.0, -0.0]
- [0.09, -1.12, 0.41, -0.92, 0.67, -0.56, -0.01, -0.19, -0.05, -0.19, 0.4, 0.06, 0.52,
  -0.08, 3.32, -0.39, -0.21, -0.56, -0.03, 0.01, -0.01, -0.02, 0.02, -0.06, 0.02,
  -0.1, -0.09, -0.03, 0.07, 0.0, -0.01, -0.01, -0.04, 0.01, -0.01, 0.01, -0.01, -0.01,
  -0.03, -0.0, -0.0, 0.02, -0.01, -0.0, -0.03, 0.04, -0.0, 0.03, 0.11, 0.02, 0.69,
  -0.03, 3.58, -0.42, 0.0, 0.03, -0.01, -0.01, -0.01, 0.0, -0.0, -0.03, -0.06, -0.0,
  -0.0, -0.01, 0.0, -0.03, 0.01, 0.01, -0.0, 0.01, -0.0, -0.01, 0.0, -0.0]
- [-0.17, 0.1, 0.26, -0.22, -0.32, -0.31, 0.0, -0.15, 0.55, -1.13, 0.25, -1.32, 0.23,
  -1.56, -3.8, -1.29, -0.09, -0.03, 0.01, -0.02, 0.01, 0.01, -0.02, -0.01, -0.05,
  -0.23, -0.02, 0.0, 0.08, -0.09, 0.01, -0.01, -0.0, -0.0, -0.02, -0.01, 0.02, -0.02,
  0.03, -0.02, -0.01, -0.1, 0.0, -0.0, -0.04, 0.08, 0.01, 0.03, 0.11, -1.7, -0.45,
  -2.49, -0.42, 11.09, -0.01, 0.01, 0.04, -0.01, 0.01, -0.0, 0.05, 0.04, -0.01, -0.01,
  -0.0, 0.01, 0.01, -0.01, 0.0, 0.0, 0.01, 0.01, 0.02, -0.0, 0.0, -0.0]
- [0.0, 0.01, -0.01, 0.01, -0.0, -0.0, -0.09, -0.21, -0.02, -0.0, 0.05, -0.06, 0.02,
  0.36, 0.17, 0.0, -0.01, -0.02, 0.0, -0.63, 0.24, 0.3, -0.72, -0.58, 0.13, -0.05,
  -0.1, -0.13, -0.07, 0.08, 0.04, 0.02, -0.05, 0.04, -0.04, 0.0, -0.0, -0.0, 0.0,
  -0.0, 0.0, -0.0, -0.0, -0.0, -0.0, -0.0, -0.0, 0.0, -0.0, -0.0, 0.0, 0.0, 0.0, -0.01,
  1.37, -0.12, 0.1, 0.01, 0.11, 0.11, -0.0, 0.0, -0.01, 0.0, 0.0, 0.04, 0.0, 0.03,
  -0.02, 0.02, -0.0, 0.01, 0.0, -0.0, -0.01, 0.01]
- [-0.02, -0.13, -0.02, -0.04, 0.06, -0.07, -0.08, -1.29, -0.01, 0.03, 0.12, -0.03,
  0.07, -2.26, 1.2, 0.06, 0.03, -0.15, 0.72, 0.14, -0.19, -0.26, 0.14, 1.39, -0.14,
  0.01, 0.42, 0.2, 0.1, -1.37, -0.13, -0.12, -0.44, -0.2, 0.82, 0.07, -0.0, -0.0,
  0.0, -0.0, -0.03, 0.01, 0.0, -0.0, -0.01, 0.01, -0.0, 0.02, 0.01, -0.0, -0.02, -0.02,
  0.03, 0.01, -0.12, 8.26, -0.12, -0.01, 0.05, -1.77, -0.0, 0.03, -0.02, 0.01, -0.01,
  -0.11, -0.0, -0.05, -0.03, -0.03, -0.03, 0.03, 0.0, 0.0, 0.02, 0.0]
- [0.05, -0.03, -0.01, 0.14, -0.06, 0.15, 0.1, -0.15, 8.96, 0.31, -0.1, -1.56, 0.06,
  0.63, -0.09, -0.28, -0.05, 0.02, 0.41, 0.86, -1.09, -0.85, -1.98, 2.5, -0.21, -0.01,
  0.34, 0.31, 0.16, -0.8, -0.03, -0.01, 0.35, 0.03, -0.38, -0.12, -0.01, 0.02, 0.05,
  0.02, 0.02, -0.16, 0.01, -0.0, -0.06, 0.07, 0.18, -0.23, 0.0, -0.0, 0.01, -0.03,
  -0.01, 0.04, 0.1, -0.12, 8.69, 0.41, 0.77, -0.52, 0.0, 0.01, -0.01, -0.0, -0.01,
  -0.17, 0.1, 0.04, 0.05, -0.0, -0.04, 0.05, 0.0, 0.0, 0.02, -0.0]
- [0.0, -0.03, -0.09, 0.02, 0.01, 0.05, 0.0, 0.02, 0.36, 0.32, -0.02, 0.04, -0.01,
  -0.05, 0.01, 0.6, -0.04, -0.13, -0.76, 1.45, 1.2, -0.28, 0.36, 1.36, 0.03, 0.0,
  0.39, -0.31, 0.06, -0.78, -0.06, -0.16, -0.2, -0.32, 0.54, 0.27, -0.0, -0.0, 0.0,
  -0.01, 0.0, 0.01, 0.0, -0.0, 0.0, -0.04, 0.01, -0.01, 0.0, 0.0, -0.0, 0.02, -0.01,
  -0.01, 0.01, -0.01, 0.41, 6.87, -0.03, -2.48, 0.01, 0.0, -0.0, 0.02, 0.01, -0.06,
  -0.0, -0.03, -0.01, -0.05, -0.02, 0.03, 0.0, 0.0, 0.01, -0.0]
- [0.02, 0.04, -0.14, 0.0, -0.0, 0.02, 0.02, 0.18, 0.73, -0.02, 0.22, 0.03, -0.05,
  -0.13, -0.2, -0.04, 0.35, 0.11, 2.22, -0.08, 3.38, -0.58, -0.29, -0.39, 0.04, 0.06,
  0.26, -0.07, -0.37, -0.28, 0.02, 2.22, -0.61, 0.61, -0.68, 0.62, -0.0, 0.01, -0.0,
  0.0, -0.01, 0.0, -0.0, 0.0, -0.01, 0.01, 0.01, -0.02, -0.01, 0.0, -0.01, -0.0, -0.01,
  0.01, 0.11, 0.05, 0.77, -0.03, 3.68, -0.4, 0.0, 0.02, 0.0, -0.06, 0.01, 0.06, 0.01,
  0.02, 0.05, -0.0, -0.0, -0.02, -0.0, 0.0, 0.0, 0.02]
- [-0.04, 0.04, 0.35, 0.12, -0.02, 0.07, -0.03, -0.0, -0.27, -0.05, 0.11, -0.66, 0.03,
  0.81, -0.1, -0.19, -0.07, 0.67, 1.6, -3.31, -4.8, -1.88, -0.01, 0.4, 0.34, -0.99,
  -3.44, -0.4, -0.44, 7.77, -0.05, -0.14, -0.13, 0.73, 0.44, 0.17, -0.0, 0.01, 0.0,
  0.01, 0.02, -0.06, 0.0, -0.01, -0.02, -0.01, -0.01, 0.02, -0.0, 0.01, 0.02, 0.01,
  0.0, -0.0, 0.11, -1.77, -0.52, -2.48, -0.4, 11.69, -0.03, 0.06, 0.18, -0.02, -0.04,
  -0.0, -0.02, 0.04, -0.01, 0.07, 0.03, -0.12, -0.0, -0.01, -0.01, -0.01]
- [0.29, 0.11, 0.0, 0.04, -0.06, 0.09, -0.0, 0.04, -0.0, -0.04, 0.01, 0.01, 0.51,
  -0.04, -1.31, -0.04, -0.03, 0.58, -0.14, 0.09, 0.14, 0.03, 0.01, -0.13, 0.01, -0.66,
  0.2, 0.29, -0.89, -0.49, 0.05, -0.04, -0.02, -0.11, -0.03, -0.01, 0.0, 0.01, 0.0,
  -0.0, 0.02, 0.01, -0.0, -0.0, 0.0, -0.0, -0.0, 0.0, -0.0, 0.01, 0.02, -0.01, -0.0,
  0.05, -0.0, -0.0, 0.0, 0.01, 0.0, -0.03, 1.42, -0.14, 0.1, -0.01, 0.11, 0.14, -0.0,
  0.0, -0.0, 0.01, -0.01, 0.01, -0.0, 0.01, -0.0, -0.02]
- [0.2, 0.83, 0.16, 0.02, -0.05, -0.05, 0.01, 0.11, -0.02, -0.02, 0.01, -0.01, -0.11,
  -1.17, -0.83, -0.07, 0.08, 0.04, 0.14, -0.26, -0.36, -0.21, -0.04, 1.31, 0.75, 0.12,
  0.18, 0.0, -0.72, 1.35, -0.06, 0.03, -0.0, 0.28, 0.09, -0.15, -0.0, 0.01, 0.0, 0.01,
  0.0, -0.01, -0.0, 0.0, 0.0, 0.01, -0.0, 0.01, 0.0, 0.0, -0.0, -0.01, -0.03, 0.04,
  0.0, 0.03, 0.01, 0.0, 0.02, 0.06, -0.14, 8.39, -0.15, 0.14, 0.08, -1.79, -0.0, 0.01,
  -0.01, -0.0, -0.01, -0.03, -0.0, -0.0, 0.0, 0.1]
- [0.21, -0.25, -9.51, -0.32, -0.02, 1.86, -0.03, 0.06, -0.01, 0.2, -0.0, 0.36, -0.36,
  -0.55, -0.54, 0.09, 0.13, -0.09, 0.21, 0.01, -0.37, -0.13, -0.07, 0.88, 0.42, 0.89,
  -1.05, -0.49, -2.22, 2.52, -0.06, 0.0, -0.01, -0.03, 0.11, -0.06, -0.01, 0.01, 0.07,
  -0.07, -0.19, 0.27, -0.01, 0.03, 0.05, 0.02, 0.01, -0.2, -0.0, -0.03, 0.02, 0.01,
  -0.06, -0.01, -0.01, -0.02, -0.01, -0.0, 0.0, 0.18, 0.1, -0.15, 8.79, 0.36, 0.77,
  -0.54, 0.01, 0.07, -0.01, -0.01, -0.03, -0.05, 0.0, -0.03, 0.0, -0.03]
- [0.04, 0.01, -0.43, -0.29, 0.03, 0.12, -0.01, -0.01, -0.14, 0.03, 0.01, 0.11, 0.01,
  0.05, -0.08, 0.54, -0.02, -0.01, -0.02, 0.03, -0.24, 0.25, -0.04, 0.56, -0.69, 1.44,
  1.84, -0.12, -0.3, 0.66, 0.5, -1.58, 0.65, -4.52, 0.4, -0.05, -0.0, -0.0, 0.0, -0.01,
  0.0, 0.03, -0.0, -0.0, 0.0, -0.04, -0.0, 0.0, 0.0, -0.0, -0.0, 0.0, -0.0, -0.01,
  0.0, 0.01, -0.0, 0.02, -0.06, -0.02, -0.01, 0.14, 0.36, 7.34, -0.01, -2.58, -0.01,
  0.01, 0.01, 0.0, 0.06, 0.09, 0.0, -0.01, 0.0, 0.07]
- [0.01, -0.11, -0.78, -0.02, -0.13, -0.02, -0.01, -0.03, -0.16, -0.05, 0.02, -0.01,
  0.0, 0.15, 0.01, 0.02, -0.02, -0.01, -0.04, -0.07, -0.16, 0.01, 0.16, 0.24, 2.28,
  0.03, 3.45, -0.36, -0.51, -0.34, 0.02, 0.1, 0.05, 0.13, -0.32, -0.1, 0.0, -0.0,
  0.01, -0.01, -0.01, 0.02, -0.0, -0.0, 0.0, -0.0, -0.0, 0.0, -0.0, 0.0, 0.0, -0.0,
  -0.0, -0.0, 0.0, -0.01, -0.01, 0.01, 0.01, -0.04, 0.11, 0.08, 0.77, -0.01, 3.64,
  -0.39, 0.01, -0.0, 0.02, -0.07, -0.0, 0.01, 0.0, -0.0, -0.0, 0.01]
- [0.09, -0.04, 0.29, 0.12, -0.08, 0.73, -0.0, 0.01, 0.33, -0.0, 0.02, 0.06, 0.15,
  0.06, -0.56, -0.01, -0.05, 0.71, -0.31, 1.13, 3.54, 0.25, 0.33, -7.95, 1.61, -3.36,
  -4.66, -1.89, -0.22, -0.09, -0.02, -0.08, -0.54, 0.89, -0.37, 0.91, -0.0, 0.01,
  0.01, 0.01, 0.02, -0.01, -0.0, 0.01, 0.0, 0.0, 0.01, -0.05, -0.0, 0.01, 0.02, 0.0,
  -0.01, 0.01, 0.04, -0.11, -0.17, -0.06, 0.06, -0.0, 0.14, -1.79, -0.54, -2.58, -0.39,
  11.74, 0.0, 0.0, 0.02, -0.14, 0.03, 0.03, -0.0, 0.02, -0.01, -0.0]
- [0.02, -0.33, -0.16, 0.02, 0.0, 0.05, -0.57, -0.15, 0.97, 0.05, 0.06, -0.49, 0.01,
  -0.09, 0.02, -0.05, -0.01, -0.04, -0.03, -0.03, 0.12, -0.09, 0.01, -0.13, -0.05,
  0.01, -0.01, 0.01, 0.04, -0.04, -0.0, -0.78, 0.19, 0.26, -0.72, -0.62, -0.0, 0.01,
  0.01, 0.0, -0.0, -0.03, 0.0, -0.01, -0.02, 0.02, -0.01, -0.04, 0.0, -0.0, -0.0,
  -0.0, 0.0, 0.01, 0.0, -0.0, 0.1, -0.0, 0.01, -0.02, -0.0, -0.0, 0.01, -0.01, 0.01,
  0.0, 1.41, -0.14, 0.09, -0.0, 0.12, 0.12, 0.0, -0.0, 0.01, -0.0]
- [-0.47, 2.29, -0.85, -0.04, -0.04, 0.1, 0.17, 2.17, 0.2, 0.05, -0.13, 0.15, 0.04,
  0.38, -0.08, 0.01, 0.04, 0.06, 0.14, 0.05, 0.47, 0.29, -0.88, 0.03, 0.07, 0.0, -0.02,
  0.23, -0.03, 0.02, 0.73, 0.26, -0.24, -0.29, 0.14, 1.53, -0.01, -0.01, 0.01, 0.02,
  -0.04, -0.03, -0.0, 0.0, 0.02, 0.01, 0.01, -0.04, -0.0, 0.0, 0.01, 0.02, -0.03,
  -0.01, 0.03, -0.05, 0.04, -0.03, 0.02, 0.04, 0.0, 0.01, 0.07, 0.01, -0.0, 0.0, -0.14,
  8.31, -0.14, 0.05, 0.04, -1.69, -0.0, -0.01, -0.03, -0.0]
- [-0.26, -0.72, 0.12, -0.02, 0.03, -0.04, 0.45, 1.14, 0.49, 0.01, -0.05, 0.23, 0.01,
  -0.14, -0.03, 0.01, -0.01, 0.0, -0.06, -0.06, -0.51, 0.09, 0.34, 0.28, 0.05, 0.08,
  -0.1, -0.14, 0.06, 0.28, 0.39, 0.91, -1.69, -0.68, -1.78, 3.17, 0.0, -0.01, -0.01,
  -0.0, -0.01, 0.01, -0.0, 0.01, 0.01, 0.01, 0.03, -0.02, 0.0, 0.0, 0.0, 0.0, 0.01,
  0.0, -0.02, -0.03, 0.05, -0.01, 0.05, -0.01, -0.0, -0.01, -0.01, 0.01, 0.02, 0.02,
  0.09, -0.14, 7.95, 0.34, 0.69, -0.45, 0.0, -0.0, 0.01, -0.0]
- [0.01, -0.05, 0.02, -0.79, 0.05, 0.06, 0.03, 0.11, -0.22, -0.57, 0.03, 0.19, -0.02,
  0.33, -0.07, 0.01, -0.02, 0.09, 0.05, 0.22, -0.21, 0.51, -0.49, 0.57, -0.48, 1.54,
  -0.47, 4.92, -0.65, -0.18, -0.76, 1.5, 1.38, -0.04, 0.35, 1.2, -0.0, 0.0, 0.0, 0.0,
  0.01, 0.02, -0.0, 0.0, 0.01, -0.01, 0.0, 0.02, -0.0, -0.01, 0.01, -0.04, 0.01, 0.0,
  0.02, -0.03, -0.0, -0.05, -0.0, 0.07, 0.01, -0.0, -0.01, 0.0, -0.07, -0.14, -0.0,
  0.05, 0.34, 7.28, -0.06, -2.52, 0.0, 0.0, -0.02, 0.01]
- [0.05, 0.05, 0.04, 0.07, -0.36, -0.01, 0.01, -0.16, -0.04, -0.03, 0.03, 0.01, 0.05,
  0.04, 0.0, -0.04, 0.0, -0.03, 0.02, -2.08, 0.67, -0.9, 0.63, -0.76, -0.03, -0.17,
  -0.15, -0.25, 0.54, 0.01, 2.24, -0.15, 3.49, -0.51, -0.28, -0.66, 0.01, -0.0, 0.02,
  -0.0, 0.0, 0.0, -0.0, 0.0, -0.0, 0.0, -0.0, 0.0, -0.0, 0.01, -0.0, 0.0, -0.0, 0.01,
  -0.0, -0.03, -0.04, -0.02, -0.0, 0.03, -0.01, -0.01, -0.03, 0.06, -0.0, 0.03, 0.12,
  0.04, 0.69, -0.06, 3.68, -0.36, 0.0, -0.01, -0.0, -0.01]
- [0.09, -0.44, 0.12, 0.18, 0.02, -0.49, -0.27, -0.48, 0.44, 0.04, 0.08, -0.73, -0.04,
  -0.09, 0.05, -0.09, -0.01, -0.11, -0.05, 0.15, 0.33, -0.23, -0.34, -0.28, -0.01,
  -0.11, 0.9, -1.11, 0.27, -1.49, 1.51, -3.32, -4.42, -1.42, -0.08, -0.03, 0.0, 0.01,
  -0.0, -0.0, 0.01, -0.04, 0.0, -0.02, -0.03, -0.0, -0.01, 0.02, 0.0, -0.0, -0.0,
  -0.01, 0.01, 0.01, 0.01, 0.03, 0.05, 0.03, -0.02, -0.12, 0.01, -0.03, -0.05, 0.09,
  0.01, 0.03, 0.12, -1.69, -0.45, -2.52, -0.36, 11.17, 0.0, 0.01, 0.0, -0.01]
- [0.0, -0.0, -0.0, -0.01, -0.01, -0.01, 0.0, -0.0, 0.0, -0.0, -0.0, -0.0, 0.0, -0.0,
  0.03, 0.0, -0.01, -0.02, -0.0, 0.0, 0.0, -0.0, 0.0, -0.0, 0.0, -0.0, 0.0, -0.0,
  -0.0, -0.0, -0.0, 0.0, -0.0, 0.0, -0.0, 0.0, 0.01, -0.03, 0.01, -0.03, -0.0, 0.01,
  0.0, 0.0, -0.0, -0.0, 0.0, -0.0, 0.01, -0.01, -0.01, -0.01, -0.0, 0.02, 0.0, 0.0,
  0.0, 0.0, -0.0, -0.0, -0.0, -0.0, 0.0, 0.0, 0.0, -0.0, 0.0, -0.0, 0.0, 0.0, 0.0,
  0.0, 0.01, -0.0, 0.0, 0.0]
- [0.0, 0.01, 0.31, 0.01, -0.0, -0.06, 0.0, 0.0, -0.01, -0.01, 0.0, -0.01, -0.16,
  -0.04, -0.02, 0.0, 0.01, 0.0, 0.0, 0.07, -0.03, -0.02, -0.01, 0.16, 0.03, 0.03,
  0.16, 0.06, -0.3, -0.02, 0.0, -0.01, 0.01, 0.04, -0.0, -0.06, 0.0, 0.0, -0.0, 0.0,
  0.01, -0.01, 0.0, -0.0, -0.0, -0.0, -0.0, 0.01, 0.0, -0.0, -0.0, 0.0, -0.01, -0.0,
  -0.0, 0.0, 0.0, 0.0, 0.0, -0.01, 0.01, -0.0, -0.03, -0.01, -0.0, 0.02, -0.0, -0.01,
  -0.0, 0.0, -0.01, 0.01, -0.0, 0.03, 0.0, 0.01]
- [0.0, -0.02, 0.01, -0.0, 0.0, -0.01, 0.0, -0.01, 0.2, 0.01, -0.02, -0.03, -0.0,
  -0.19, 0.0, -0.01, 0.0, -0.02, 0.0, 0.0, -0.05, 0.0, 0.01, 0.05, -0.01, 0.04, -0.03,
  0.13, -0.01, 0.12, -0.01, -0.01, -0.01, 0.02, -0.0, 0.01, -0.0, 0.0, 0.0, 0.0, -0.0,
  -0.0, 0.0, -0.0, -0.0, 0.0, 0.0, -0.0, 0.0, -0.0, -0.0, -0.0, 0.0, 0.0, -0.01, 0.02,
  0.02, 0.01, 0.0, -0.01, -0.0, 0.0, 0.0, 0.0, -0.0, -0.01, 0.01, -0.03, 0.01, -0.02,
  -0.0, 0.0, 0.0, 0.0, 0.02, -0.0]
- [-0.01, 0.02, 0.1, 0.01, 0.02, -0.03, 0.0, -0.0, 0.0, -0.01, 0.0, -0.02, -0.05,
  -0.02, 0.03, -0.01, -0.02, -0.0, 0.0, -0.02, 0.04, -0.09, 0.01, -0.08, 0.07, 0.1,
  0.2, 0.08, -0.58, 0.06, -0.02, 0.02, 0.0, 0.4, -0.02, -0.05, -0.0, -0.0, -0.0, 0.0,
  0.0, -0.0, 0.0, -0.0, -0.0, -0.0, 0.0, 0.0, 0.0, -0.0, 0.0, -0.0, -0.0, -0.0, 0.01,
  0.0, -0.0, -0.0, 0.02, -0.01, -0.02, 0.1, -0.03, 0.07, 0.01, -0.0, -0.0, -0.0, -0.0,
  0.01, -0.01, -0.01, 0.0, 0.01, -0.0, 0.05]
